6.54498469497873e-23
6.54498469497873e-23
6.54498469497873e-23
6.54498469497873e-23
6.54498469497873e-23
6.54498469497873e-23
6.54498469497873e-23
6.54498469497873e-23
1e-21
1e-21
1e-21
1e-21
1e-21
1e-21
1e-21
1e-21
1e-21
1e-21
1e-21
1e-21
1e-21
1e-21
1e-21
1e-21
1e-21
1e-21
1e-21
1e-21
1e-21
1e-21
1e-21
1e-21
1e-21
1e-21
1e-21
1e-21
1e-21
1e-21
1e-21
1e-21
1e-21
1e-21
1e-21
1e-21
1e-21
1e-21
1e-21
1e-21
1e-21
1e-21
1e-21
1e-21
1e-21
1e-21
1e-21
1e-21
1e-21
1e-21
1e-21
1e-21
1e-21
1e-21
1e-21
1e-21
1e-21
1e-21
1e-21
1e-21
1e-21
1e-21
1e-21
1e-21
1e-21
1e-21
1e-21
1e-21
1e-21
1e-21
1e-21
1e-21
1e-21
1e-21
1e-21
1e-21
1e-21
1e-21
1e-21
1e-21
1e-21
1e-21
1e-21
1e-21
1e-21
1e-21
1e-21
1e-21
1e-21
1e-21
1e-21
1e-21
1e-21
1e-21
1e-21
1e-21
1e-21
1e-21
1e-21
1e-21
1e-21
1e-21
1e-21
1e-21
1e-21
1e-21
1e-21
1e-21
1e-21
1e-21
1e-21
1e-21
1e-21
1e-21
1e-21
1e-21
1e-21
1e-21
1e-21
1e-21
1e-21
1e-21
1e-21
1e-21
1e-21
